# unix_time, cycles_done, cur_path, paths_total, pending_total, pending_favs, map_size, unique_crashes, unique_hangs, max_depth, execs_per_sec
1569777715, 0, 0, 5, 5, 2, 0.03%, 0, 0, 1, 9.15
1569777720, 0, 1, 7, 7, 2, 0.03%, 0, 0, 2, 9.56
1569777730, 0, 1, 7, 7, 2, 0.03%, 1, 0, 2, 8.09
1569777735, 0, 1, 9, 9, 2, 0.03%, 1, 0, 2, 8.40
1569777772, 0, 1, 9, 9, 2, 0.03%, 2, 0, 2, 8.48
1569777792, 0, 1, 10, 10, 2, 0.03%, 3, 0, 2, 8.52
1569777797, 0, 1, 11, 11, 2, 0.03%, 4, 0, 2, 8.63
1569777992, 0, 1, 12, 12, 2, 0.03%, 4, 0, 2, 8.24
1569778195, 0, 1, 13, 13, 2, 0.03%, 6, 0, 2, 8.35
1569778201, 0, 1, 15, 15, 2, 0.03%, 6, 0, 2, 8.47
1569778206, 0, 1, 17, 17, 2, 0.03%, 6, 0, 2, 8.38
1569778221, 0, 1, 19, 19, 2, 0.03%, 6, 0, 2, 8.41
1569778226, 0, 1, 20, 20, 2, 0.03%, 7, 0, 2, 8.40
1569778231, 0, 1, 22, 22, 2, 0.03%, 7, 0, 2, 8.32
1569778241, 0, 1, 23, 23, 2, 0.03%, 7, 0, 2, 8.36
1569778267, 0, 1, 24, 24, 2, 0.03%, 7, 0, 2, 8.38
1569778277, 0, 1, 25, 25, 2, 0.03%, 7, 0, 2, 8.38
1569778307, 0, 1, 26, 26, 2, 0.03%, 7, 0, 2, 8.43
1569778323, 0, 1, 26, 26, 2, 0.03%, 8, 0, 2, 8.46
1569778328, 0, 1, 27, 27, 2, 0.03%, 8, 0, 2, 8.42
1569778353, 0, 1, 28, 28, 2, 0.03%, 8, 0, 2, 8.45
1569778389, 0, 1, 29, 29, 2, 0.03%, 8, 0, 2, 8.29
